1695283624
304392507
1882590596
1143325700
999503141
736294583
1822617954
495200800
1551317040
726694949
1201365094
1819598023
1695618909
1772851497
725838235
1665162679
1333923270
1252676992
1563539195
1528965726
478379277
1726543071
1397790138
1867982496
1756187229
1784366170
1724128508
1268787721
1449149605
1819832195
1754456828
933987503
1757401999
768506599
1895983732
579854354
976174538
1310938212
1839325262
821415026
1413310699
1638855868
436999551
1757604031
1633055743
1646519829
1427965788
1684552188
859574610
368702701
1104277801
472856876
1462234423
645707800
1486089118
736850820
621822017
466619912
1467311720
1706226023
1038611307
593178410
1886262513
1842264448
1830691621
1883304551
1262232291
1424712881
1552113577
1481313042
706678665
1145893311
367835823
352114187
1491802196
329817603
1892369339
1801292179
1888544697
1875032346
1469633283
740429769
1070347075
1856881161
702035482
1833834158
1324446007
1816719068
496373709
953003151
1719259307
884003272
548675665
615142352
825278478
1431078936
1890902253
1646910383
1471847736
1768230822
1785901148
807708093
1463264764
792996485
1229207374
1831124442
1233626759
1780844060
1436552681
517128072
1031015777
787746144
1097549254
762964945
1329895164
1520601338
847434087
395168780
804651445
1817669173
1695514017
1612522045
1440540640
681665376
581082254
762469991
1673325025
1485207653
791327029
1854847652
1830224564
345391824
1167933890
1323838318
647447771
1469166794
1591199703
1859825240
959234443
1381579247
395653449
1771790438
1578693653
1843781183
1789618087
970902991
1795211839
1302442121
1778735790
1416010271
1707211879
918628563
1044289673
1879396405
1598799685
1799742412
564434625
1836490022
1201249465
1015568213
1327627225
1767547669
1768534784
1857906415
1405543161
1196296596
1839559023
820414211
1870207247
1608058571
1234804540
1666861786
443614834
1668371056
1063497080
1876583030
1538932228
1702914962
1351898268
1369991287
1566772123
1770285383
1733371997
923757982
1143092557
1870423126
677483123
1645008170
1048284142
1700754854
1655061553
1858943816
1430458477
1759584222
984805849
321909792
1420802651
1392385390
1602892747
1461136586
1499412120
1409439973
1106135702
1854419126
1017365338
1370503432
1717893389
691100332
1557276247
1432498399
400497056
1295962231
1640597527
1730812791
1663588873
1893368277
992328138
1779100451
538815454
1723116644
881222420
890628721
633022927
495281731
1670801654
1638720210
604368094
1771805463
1705921395
1778485840
1625928604
1754310481
969612290
763811440
765239701
1585172607
1770091022
1086861029
479471002
1848206529
1132400364
901726394
1798002562
890961228
957007059
349470426
1888874861
1810891990
1028904513
1722990739
686830799
992676493
221340236
1487000513
689402933
1556760347
1799305862
1762628936
797585921
1007849307
1315247436
1731222769
450487375
1110775132
1418537359
972659233
1440547738
881272545
1387366002
1649560794
1172248976
1698860542
1755515389
1280594073
434186503
1794941940
589099870
1764867489
652856670
816446069
731407276
680293304
1698168791
606076265
1446089340
678454504
1386671102
1148552013
1405855408
1786281717
1166829877
685601818
633590875
1242520762
1789251969
1323694266
517514516
1413109500
1433889458
762711924
1159502559
726652859
454337095
1716907845
1278585409
665550482
1290580156
1662723646
1793621732
1001701767
848405870
326027889
892618524
1551651993
532961534
1896531228
655200143
1854375200
129729948
998308486
1765136479
453863209
1377177390
1267561874
95296431
1584327283
1405371616
976620482
1212323675
1238153707
828898691
1593729692
903039995
259446690
764231993
1237019924
1777872661
399980333
1427774141
542808669
504665851
1531998634
759717522
371305342
1477177856
1708182679
988787676
1514577172
1628634249
889234060
1508326678
1083054428
476713002
1149813712
726586363
240172514
1697220850
460368898